1 25
1 2
1 52
1 3
1 47
1 46
1 23
1 63
1 57
1 14
1 16
1 37
1 51
1 26
1 7
1 21
1 35
1 31
1 13
1 69
1 9
1 15
1 30
1 36
1 48
1 22
1 0
1 60
1 38
1 28
1 64
1 59
1 65
1 61
1 43
1 18
1 8
1 17
1 67
1 5
1 55
1 4
1 20
1 10
1 41
1 39
1 33
1 44
1 58
1 53
1 45
1 68
1 19
1 54
1 11
1 62
1 12
1 49
1 34
1 29
1 6
1 66
1 72
1 42
1 50
1 56
1 32
1 27
1 1
1 71
1 40
1 24
1 70
1 1
1 11
1 28
1 63
1 20
1 19
1 71
1 14
1 18
1 55
1 64
1 52
1 54
1 68
1 5
1 53
1 8
1 30
1 40
1 22
1 51
1 62
1 39
1 2
1 7
1 32
1 50
1 57
1 27
1 48
1 65
1 24
1 47
1 26
1 21
1 31
1 4
1 37
1 17
1 34
1 3
1 67
1 42
1 16
1 69
1 33
1 59
1 41
1 9
1 38
1 61
1 13
1 56
1 12
1 35
1 36
1 49
1 23
1 10
1 44
1 43
1 72
1 70
1 25
1 66
1 45
1 58
1 15
1 29
1 6
1 0
1 46
1 60
1 21
1 20
1 18
1 51
1 8
1 3
1 27
1 46
1 61
1 40
1 26
1 22
1 59
1 25
1 69
1 39
1 53
1 45
1 6
1 47
1 43
1 2
1 68
1 0
1 4
1 15
1 33
1 28
1 38
1 64
1 63
1 32
1 48
1 42
1 44
1 10
1 71
1 62
1 1
1 5
1 70
1 56
1 35
1 24
1 9
1 30
1 65
1 72
1 29
1 67
1 11
1 23
1 19
1 36
1 14
1 50
1 34
1 16
1 12
1 55
1 54
1 37
1 60
1 41
1 13
1 66
1 57
1 58
1 48
1 49
1 17
1 31
1 7
1 52
1 12
1 51
1 42
1 11
1 60
1 52
1 30
1 43
1 8
1 40
1 28
1 35
1 25
1 27
1 56
1 2
1 47
1 3
1 45
1 65
1 70
1 15
1 29
1 41
1 21
1 69
1 22
1 20
1 61
1 38
1 33
1 1
1 64
1 14
1 59
1 72
1 10
1 19
1 23
1 68
1 18
1 26
1 63
1 62
1 5
1 32
1 71
1 34
1 46
1 53
1 0
1 50
1 16
1 24
1 37
1 39
1 17
1 66
1 9
1 6
1 13
1 58
1 54
1 67
1 49
1 20
1 44
1 57
1 55
1 4
1 36
1 18
1 69
1 31
1 7
1 61
1 53
1 26
1 47
1 58
1 25
1 54
1 57
1 48
1 42
1 39
1 72
1 2
1 24
1 52
1 8
1 30
1 37
1 63
1 67
1 34
1 71
1 22
1 38
1 16
1 60
1 17
1 70
1 51
1 44
1 27
1 40
1 35
1 65
1 12
1 29
1 45
1 23
1 7
1 46
1 31
1 6
1 36
1 0
1 59
1 15
1 13
1 50
1 41
1 1
1 3
1 4
1 21
1 32
1 33
1 56
1 66
1 43
1 9
1 49
1 10
1 68
1 55
1 14
1 19
1 28
1 64
1 62
1 11
1 5
1 52
1 38
1 8
1 40
1 67
1 22
1 54
1 13
1 58
1 4
1 11
1 28
1 68
1 24
1 51
1 55
1 60
1 17
1 66
1 63
1 2
1 23
1 43
1 59
1 19
1 64
1 35
1 56
1 7
1 26
1 46
1 70
1 41
1 18
1 69
1 25
1 20
1 36
1 45
1 42
1 53
1 31
1 10
1 39
1 27
1 62
1 61
1 5
1 14
1 72
1 21
1 47
1 3
1 30
1 57
1 0
1 48
1 29
1 49
1 44
1 1
1 50
1 65
1 16
1 9
1 12
1 33
1 71
1 37
1 32
1 34
1 6
1 15
1 35
1 39
1 67
1 52
1 20
1 8
1 63
1 27
1 1
1 62
1 61
1 46
1 25
1 54
1 64
1 38
1 29
1 40
1 71
1 51
1 18
1 2
1 23
1 32
1 68
1 72
1 7
1 30
1 31
1 0
1 69
1 41
1 58
1 26
1 60
1 6
1 3
1 42
1 21
1 12
1 9
1 56
1 53
1 24
1 55
1 57
1 37
1 45
1 44
1 49
1 15
1 66
1 70
1 13
1 4
1 36
1 34
1 47
1 10
1 33
1 48
1 17
1 65
1 5
1 16
1 50
1 43
1 11
1 14
1 22
1 59
1 19
1 28
1 52
1 8
1 32
1 26
1 63
1 60
1 3
1 10
1 14
1 28
1 30
1 21
1 48
1 27
1 58
1 43
1 51
1 15
1 62
1 56
1 68
1 7
1 69
1 66
1 22
1 20
1 11
1 61
1 53
1 71
1 55
1 18
1 2
1 31
1 47
1 59
1 40
1 57
1 36
1 1
1 5
1 64
1 17
1 34
1 6
1 19
1 25
1 46
1 72
1 4
1 44
1 45
1 49
1 67
1 35
1 9
1 29
1 65
1 50
1 16
1 12
1 42
1 70
1 24
1 0
1 13
1 41
1 38
1 39
1 54
1 37
1 23
1 33
1 26
1 18
1 46
1 8
1 32
1 28
1 43
1 1
1 20
1 7
1 38
1 61
1 30
1 67
1 69
1 53
1 31
1 21
1 52
1 63
1 47
1 37
1 51
1 19
1 27
1 58
1 54
1 57
1 2
1 22
1 39
1 55
1 11
1 36
1 23
1 59
1 48
1 4
1 10
1 33
1 17
1 62
1 5
1 56
1 66
1 44
1 64
1 68
1 24
1 71
1 60
1 6
1 14
1 0
1 72
1 3
1 25
1 29
1 45
1 49
1 12
1 15
1 35
1 9
1 41
1 40
1 50
1 16
1 34
1 13
1 70
1 42
1 65
1 43
1 60
1 67
1 52
1 18
1 17
1 70
1 28
1 22
1 15
1 48
1 56
1 64
1 45
1 55
1 8
1 26
1 37
1 20
1 61
1 69
1 63
1 6
1 59
1 47
1 4
1 53
1 35
1 2
1 51
1 10
1 38
1 5
1 11
1 19
1 62
1 14
1 7
1 3
1 25
1 27
1 29
1 46
1 12
1 31
1 30
1 72
1 57
1 16
1 13
1 66
1 34
1 54
1 33
1 42
1 39
1 50
1 9
1 65
1 24
1 0
1 23
1 71
1 32
1 40
1 44
1 1
1 58
1 21
1 68
1 36
1 49
1 41
1 25
1 52
1 45
1 63
1 39
1 22
1 69
1 6
1 57
1 7
1 28
1 27
1 12
1 31
1 21
1 4
1 9
1 36
1 61
1 26
1 20
1 67
1 30
1 51
1 55
1 59
1 1
1 23
1 16
1 46
1 37
1 50
1 44
1 29
1 2
1 8
1 17
1 54
1 72
1 24
1 18
1 0
1 49
1 13
1 56
1 35
1 70
1 43
1 62
1 14
1 53
1 3
1 41
1 71
1 64
1 68
1 58
1 42
1 38
1 65
1 32
1 60
1 66
1 40
1 19
1 33
1 34
1 15
1 11
1 10
1 5
1 52
1 63
1 7
1 48
1 59
1 47
1 31
1 61
1 4
1 68
1 6
1 12
1 36
1 17
1 8
1 72
1 33
1 55
1 11
1 22
1 51
1 71
1 60
1 46
1 57
1 44
1 35
1 10
1 43
1 13
1 64
1 38
1 50
1 69
1 28
1 45
1 49
1 25
1 40
1 14
1 1
1 21
1 2
1 29
1 37
1 9
1 56
1 15
1 5
1 19
1 27
1 20
1 39
1 30
1 54
1 48
1 67
1 41
1 3
1 65
1 0
1 58
1 32
1 66
1 34
1 23
1 24
1 47
1 16
1 18
1 70
1 42
1 62
1 53
1 26
1 60
1 8
1 70
1 21
1 10
1 56
1 68
1 13
1 20
1 51
1 37
1 66
1 28
1 17
1 69
1 61
1 6
1 52
1 64
1 12
1 62
1 54
1 33
1 43
1 22
1 71
1 63
1 59
1 39
1 27
1 57
1 5
1 1
1 45
1 42
1 26
1 3
1 0
1 7
1 24
1 53
1 65
1 18
1 31
1 58
1 25
1 36
1 11
1 46
1 4
1 41
1 55
1 15
1 30
1 47
1 67
1 9
1 44
1 48
1 2
1 35
1 19
1 40
1 49
1 14
1 29
1 16
1 23
1 38
1 32
1 50
1 34
1 72
1 1
1 46
1 32
1 34
1 16
1 7
1 10
1 27
1 15
1 48
1 30
1 47
1 8
1 0
1 60
1 29
1 25
1 64
1 72
1 35
1 20
1 57
1 9
1 58
1 54
1 49
1 52
1 66
1 26
1 40
1 68
1 69
1 17
1 42
1 56
1 12
1 53
1 3
1 13
1 4
1 43
1 38
1 65
1 18
1 39
1 63
1 61
1 31
1 11
1 24
1 41
1 23
1 33
1 36
1 71
1 37
1 51
1 50
1 45
1 2
1 6
1 62
1 21
1 22
1 70
1 14
1 19
1 67
1 28
1 59
1 5
1 55
1 44
1 20
1 54
1 60
1 47
1 4
1 64
1 8
1 52
1 28
1 21
1 30
1 22
1 55
1 46
1 31
1 19
1 25
1 29
1 71
1 37
1 1
1 65
1 27
1 15
1 63
1 70
1 0
1 57
1 39
1 13
1 17
1 43
1 44
1 56
1 3
1 32
1 51
1 11
1 7
1 40
1 35
1 67
1 2
1 48
1 36
1 59
1 6
1 12
1 5
1 42
1 72
1 26
1 18
1 34
1 69
1 41
1 68
1 50
1 45
1 38
1 33
1 62
1 10
1 53
1 16
1 23
1 66
1 24
1 14
1 61
1 9
1 58
1 49
1 21
1 23
1 16
1 71
1 54
1 51
1 1
1 43
1 61
1 28
1 26
1 10
1 69
1 60
1 17
1 20
1 9
1 40
1 65
1 2
1 42
1 68
1 58
1 62
1 32
1 25
1 50
1 4
1 41
1 52
1 53
1 14
1 37
1 29
1 11
1 63
1 15
1 72
1 66
1 57
1 55
1 5
1 67
1 30
1 34
1 44
1 13
1 19
1 18
1 47
1 45
1 33
1 7
1 64
1 31
1 38
3 10
3 18
3 17
3 1
3 20
3 14
3 19
3 21
3 12
3 3
3 1
3 16
3 10
3 8
3 9
3 2
3 17
3 13
3 3
3 6
3 20
3 18
3 14
3 4
3 21
3 5
3 12
3 19
3 7
3 11
3 15
3 0
3 21
3 11
3 16
3 18
3 9
3 7
3 8
3 15
3 3
3 10
3 14
3 12
3 4
3 6
3 5
3 20
3 2
2 7
2 3
2 5
2 16
2 21
2 8
2 13
2 4
2 2
2 1
2 12
2 15
2 9
2 20
2 19
2 17
2 14
2 6
2 18
2 0
2 10
2 11
2 11
2 3
2 19
2 0
2 15
2 13
2 12
2 10
2 17
2 4
2 18
2 7
2 2
2 1
2 20
2 14
2 9
2 6
2 8
2 16
2 5
2 21
2 18
2 11
2 3
2 2
2 19
2 15
2 13
2 1
2 10
2 16
2 7
2 5
2 8
2 6
2 12
2 4
2 14
2 17
2 21
2 20
2 0
2 9
2 16
2 12
2 8
2 6
2 3
2 0
2 4
2 21
2 9
2 1
2 11
2 18
2 5
2 2
2 15
2 7
2 20
2 10
2 17
2 19
2 14
2 13
2 9
2 12
2 13
2 4
2 1
2 14
2 3
2 7
2 21
2 16
2 0
2 10
2 5
2 20
2 2
2 15
2 17
2 19
2 11
2 3
2 18
2 8
2 6
2 7
2 16
2 8
2 5
2 21
2 0
2 6
2 4
2 19
2 18
2 9
2 11
2 13
2 12
2 14
2 10
2 20
2 2
2 15
2 17
2 1
2 8
2 3
2 1
2 2
2 16
2 6
2 18
2 14
2 19
2 11
2 4
2 7
2 17
2 13
2 10
2 12
2 15
2 20
3 19
2 5
3 0
2 0
3 13
2 9
3 1
2 16
3 17
2 21
3 1
2 0
3 9
2 13
3 6
2 12
3 20
2 20
3 4
2 21
3 2
2 8
3 15
2 1
3 12
2 5
3 13
2 4
3 0
2 15
3 18
2 10
3 21
2 2
3 19
2 11
3 11
2 6
3 10
2 18
3 17
2 19
3 3
2 17
3 7
2 14
3 14
2 9
3 5
2 7
3 3
3 7
3 16
3 5
3 15
3 18
3 10
3 12
3 13
3 2
3 20
3 14
3 4
3 6
3 0
3 11
3 17
3 8
3 19
3 9
3 1
3 21
3 20
3 17
3 12
3 1
3 8
3 7
3 5
3 9
3 13
3 15
3 21
3 10
3 2
3 6
3 0
3 16
3 14
3 18
3 4
3 11
3 19
3 3
3 10
3 13
3 16
3 11
3 9
3 20
3 12
3 2
3 5
3 18
3 0
3 8
3 3
3 4
3 21
3 15
3 17
3 19
3 1
3 6
3 14
3 7
3 16
3 4
3 19
3 3
3 8
3 15
3 9
3 10
3 18
3 0
3 12
3 2
3 21
3 1
3 20
3 6
3 13
3 5
3 14
3 7
3 17
3 11
3 6
3 8
3 5
3 11
3 4
3 15
3 9
3 7
3 13
3 16
3 2
3 0
