15 474
16 465
16 493
15 482
16 448
16 486
15 475
16 445
15 497
16 453
16 491
16 484
15 473
16 468
16 482
16 467
16 483
16 447
16 494
16 482
16 498
16 453
15 445
16 471
15 477
16 482
16 496
15 461
16 478
16 482
16 454
16 445
16 466
16 463
16 463
15 452
15 445
16 475
16 470
15 477
16 464
16 455
16 476
16 486
16 450
16 451
15 472
16 492
15 491
15 452
16 484
16 491
16 443
16 494
16 458
16 448
15 459
16 450
16 459
15 447
16 467
16 463
16 489
16 442
16 488
16 477
16 458
16 458
16 457
16 496
15 475
16 464
16 473
